"Study","Ref_index","Year","Treatment","Dose","TotalDose","DurationTreatment","Antitoxin","Case","carr.min","carr.max","Num.start","Num.convert","Percent converting ot culture negative","Percent.total.clear","Note"
"Bixby 1948",779,"1948","none",NA,NA,NA,1,"Case",1,14,88,35,0.398,0.398,NA
"Reilly 1900",NA,"1900","none",NA,NA,NA,1,"Carrier",1,2,61,2,0.033,NA,NA
"Reilly 1900",NA,"1900","none",NA,NA,NA,1,"Carrier",2,3,59,6,0.102,NA,NA
"Reilly 1900",NA,"1900","none",NA,NA,NA,1,"Carrier",3,4,53,9,0.17,NA,NA
"Reilly 1900",NA,"1900","none",NA,NA,NA,1,"Carrier",4,5,44,11,0.25,NA,NA
"Reilly 1900",NA,"1900","none",NA,NA,NA,1,"Carrier",5,6,33,8,0.242,NA,NA
"Reilly 1900",NA,"1900","none",NA,NA,NA,0,"Carrier",6,7,25,2,0.08,NA,NA
"Reilly 1900",NA,"1900","none",NA,NA,NA,0,"Carrier",7,8,23,7,0.304,NA,NA
"Reilly 1900",NA,"1900","none",NA,NA,NA,0,"Carrier",8,9,16,1,0.063,NA,NA
"Reilly 1900",NA,"1900","none",NA,NA,NA,0,"Carrier",9,10,15,2,0.133,NA,NA
"Reilly 1900",NA,"1900","none",NA,NA,NA,0,"Carrier",10,11,13,0,0,NA,NA
"Reilly 1900",NA,"1900","none",NA,NA,NA,0,"Carrier",11,12,13,2,0.154,NA,NA
"Reilly 1900",NA,"1900","none",NA,NA,NA,0,"Carrier",12,13,11,2,0.182,NA,NA
"Reilly 1900",NA,"1900","none",NA,NA,NA,0,"Carrier",13,14,9,2,0.222,NA,NA
"Reilly 1900",NA,"1900","none",NA,NA,NA,0,"Carrier",14,15,7,1,0.143,NA,NA
"Reilly 1900",NA,"1900","none",NA,NA,NA,0,"Carrier",15,20,6,4,0.667,NA,NA
"Reilly 1900",NA,"1900","none",NA,NA,NA,0,"Carrier",20,35,2,1,0.5,NA,NA
"Reilly 1900",NA,"1900","none",NA,NA,NA,0,"Carrier",35,45,1,0,0,NA,NA
"Reilly 1900",NA,"1900","none",NA,NA,NA,0,"Carrier",45,50,1,1,1,NA,NA
"Reilly 1900",NA,"1900","none",NA,NA,NA,1,"Case",1,2,40,4,0.1,NA,NA
"Reilly 1900",NA,"1900","none",NA,NA,NA,1,"Case",2,3,36,1,0.028,NA,NA
"Reilly 1900",NA,"1900","none",NA,NA,NA,1,"Case",3,4,35,5,0.143,NA,NA
"Reilly 1900",NA,"1900","none",NA,NA,NA,1,"Case",4,5,30,3,0.1,NA,NA
"Reilly 1900",NA,"1900","none",NA,NA,NA,1,"Case",5,6,27,1,0.037,NA,NA
"Reilly 1900",NA,"1900","none",NA,NA,NA,1,"Case",6,7,26,1,0.038,NA,NA
"Reilly 1900",NA,"1900","none",NA,NA,NA,1,"Case",7,8,25,3,0.12,NA,NA
"Reilly 1900",NA,"1900","none",NA,NA,NA,1,"Case",8,9,22,0,0,NA,NA
"Reilly 1900",NA,"1900","none",NA,NA,NA,1,"Case",9,10,22,5,0.227,NA,NA
"Reilly 1900",NA,"1900","none",NA,NA,NA,1,"Case",10,11,17,1,0.059,NA,NA
"Reilly 1900",NA,"1900","none",NA,NA,NA,1,"Case",11,12,16,2,0.125,NA,NA
"Reilly 1900",NA,"1900","none",NA,NA,NA,1,"Case",12,13,14,0,0,NA,NA
"Reilly 1900",NA,"1900","none",NA,NA,NA,1,"Case",13,14,14,1,0.071,NA,NA
"Reilly 1900",NA,"1900","none",NA,NA,NA,1,"Case",14,15,13,3,0.231,NA,NA
"Reilly 1900",NA,"1900","none",NA,NA,NA,1,"Case",15,16,10,1,0.1,NA,NA
"Reilly 1900",NA,"1900","none",NA,NA,NA,1,"Case",16,17,9,2,0.222,NA,NA
"Reilly 1900",NA,"1900","none",NA,NA,NA,1,"Case",17,18,7,2,0.286,NA,NA
"Reilly 1900",NA,"1900","none",NA,NA,NA,1,"Case",18,19,5,0,0,NA,NA
"Reilly 1900",NA,"1900","none",NA,NA,NA,1,"Case",19,20,5,0,0,NA,NA
"Reilly 1900",NA,"1900","none",NA,NA,NA,1,"Case",20,21,5,0,0,NA,NA
"Reilly 1900",NA,"1900","none",NA,NA,NA,1,"Case",21,22,5,1,0.2,NA,NA
"Reilly 1900",NA,"1900","none",NA,NA,NA,1,"Case",22,23,4,1,0.25,NA,NA
"Reilly 1900",NA,"1900","none",NA,NA,NA,1,"Case",23,24,3,1,0.333,NA,NA
"Reilly 1900",NA,"1900","none",NA,NA,NA,1,"Case",24,25,2,0,0,NA,NA
"Reilly 1900",NA,"1900","none",NA,NA,NA,1,"Case",25,26,2,1,0.5,NA,NA
"Reilly 1900",NA,"1900","none",NA,NA,NA,1,"Case",26,27,1,1,1,NA,NA
"Weaver 1921",NA,"1921","none",NA,NA,NA,0,"Carrier",0,5,52,17,0.327,NA,NA
"Weaver 1921",NA,"1921","none",NA,NA,NA,0,"Carrier",6,10,35,9,0.257,NA,NA
"Weaver 1921",NA,"1921","none",NA,NA,NA,0,"Carrier",11,15,26,4,0.154,NA,NA
"Weaver 1921",NA,"1921","none",NA,NA,NA,0,"Carrier",16,20,22,3,0.136,NA,NA
"Weaver 1921",NA,"1921","none",NA,NA,NA,0,"Carrier",21,25,19,7,0.368,NA,NA
"Weaver 1921",NA,"1921","none",NA,NA,NA,0,"Carrier",26,30,12,2,0.167,NA,NA
"Weaver 1921",NA,"1921","none",NA,NA,NA,0,"Carrier",31,35,10,1,0.1,NA,NA
"Weaver 1921",NA,"1921","none",NA,NA,NA,0,"Carrier",36,40,9,2,0.222,NA,NA
"Weaver 1921",NA,"1921","none",NA,NA,NA,0,"Carrier",41,45,7,1,0.143,NA,NA
"Weaver 1921",NA,"1921","none",NA,NA,NA,0,"Carrier",46,50,6,1,0.167,NA,NA
"Weaver 1921",NA,"1921","none",NA,NA,NA,0,"Carrier",51,55,5,0,0,NA,NA
"Weaver 1921",NA,"1921","none",NA,NA,NA,0,"Carrier",56,60,5,2,0.4,NA,NA
"Weaver 1921",NA,"1921","none",NA,NA,NA,0,"Carrier",61,65,3,0,0,NA,NA
"Weaver 1921",NA,"1921","none",NA,NA,NA,0,"Carrier",66,70,3,1,0.333,NA,NA
"Weaver 1921",NA,"1921","none",NA,NA,NA,0,"Carrier",71,75,2,1,0.5,NA,NA
"Weaver 1921",NA,"1921","none",NA,NA,NA,1,"Case",0,5,500,47,0.094,NA,NA
"Weaver 1921",NA,"1921","none",NA,NA,NA,1,"Case",6,10,453,124,0.274,NA,NA
"Weaver 1921",NA,"1921","none",NA,NA,NA,1,"Case",11,15,329,100,0.304,NA,NA
"Weaver 1921",NA,"1921","none",NA,NA,NA,1,"Case",16,20,229,75,0.328,NA,NA
"Weaver 1921",NA,"1921","none",NA,NA,NA,1,"Case",21,25,154,51,0.331,NA,NA
"Weaver 1921",NA,"1921","none",NA,NA,NA,1,"Case",26,30,101,38,0.376,NA,NA
"Weaver 1921",NA,"1921","none",NA,NA,NA,1,"Case",31,35,56,18,0.321,NA,NA
"Weaver 1921",NA,"1921","none",NA,NA,NA,1,"Case",36,40,35,15,0.429,NA,NA
"Weaver 1921",NA,"1921","none",NA,NA,NA,1,"Case",41,45,19,10,0.526,NA,NA
"Weaver 1921",NA,"1921","none",NA,NA,NA,1,"Case",46,50,9,4,0.444,NA,NA
"Weaver 1921",NA,"1921","none",NA,NA,NA,1,"Case",51,55,4,1,0.25,NA,NA
"Weaver 1921",NA,"1921","none",NA,NA,NA,1,"Case",56,60,3,1,0.333,NA,NA
"Weaver 1921",NA,"1921","none",NA,NA,NA,1,"Case",61,65,2,0,0,NA,NA
"Weaver 1921",NA,"1921","none",NA,NA,NA,1,"Case",66,70,2,1,0.5,NA,NA
"Weaver 1921",NA,"1921","none",NA,NA,NA,1,"Case",71,75,0,0,0,NA,NA
"Cumpston 1909",NA,"1909","none",NA,NA,NA,1,"Carrier",0,7,103,16,0.155,NA,NA
"Cumpston 1909",NA,"1909","none",NA,NA,NA,1,"Carrier",8,10,87,25,0.287,NA,NA
"Cumpston 1909",NA,"1909","none",NA,NA,NA,1,"Carrier",11,12,62,17,0.274,NA,NA
"Cumpston 1909",NA,"1909","none",NA,NA,NA,1,"Carrier",13,15,45,12,0.267,NA,NA
"Cumpston 1909",NA,"1909","none",NA,NA,NA,1,"Carrier",16,18,33,8,0.242,NA,NA
"Cumpston 1909",NA,"1909","none",NA,NA,NA,1,"Carrier",19,27,25,14,0.56,NA,NA
"Cumpston 1909",NA,"1909","none",NA,NA,NA,1,"Carrier",28,35,11,4,0.364,NA,NA
"Cumpston 1909",NA,"1909","none",NA,NA,NA,1,"Carrier",36,43,7,3,0.429,NA,NA
"Cumpston 1909",NA,"1909","none",NA,NA,NA,1,"Carrier",44,47,4,4,1,NA,NA
"Cumpston 1909",NA,"1909","none",NA,NA,NA,1,"Case",5,9,44,10,0.227,NA,NA
"Cumpston 1909",NA,"1909","none",NA,NA,NA,1,"Case",10,14,34,8,0.235,NA,NA
"Cumpston 1909",NA,"1909","none",NA,NA,NA,1,"Case",15,19,26,13,0.5,NA,NA
"Cumpston 1909",NA,"1909","none",NA,NA,NA,1,"Case",20,24,13,7,0.538,NA,NA
"Cumpston 1909",NA,"1909","none",NA,NA,NA,1,"Case",25,29,6,5,0.833,NA,NA
"Cumpston 1909",NA,"1909","none",NA,NA,NA,1,"Case",31,31,1,1,1,NA,NA
"Weinstein 1947",705,"1947","none",NA,NA,NA,0,"Carrier",19,19,1,1,1,NA,NA
"Weinstein 1947",705,"1947","none",NA,NA,NA,0,"Carrier",38,38,1,1,1,NA,NA
"Weinstein 1947",705,"1947","none",NA,NA,NA,0,"Carrier",43,43,1,1,1,NA,NA
"Weinstein 1947",705,"1947","none",NA,NA,NA,0,"Carrier",49,49,1,1,1,NA,NA
"Weinstein 1947",705,"1947","none",NA,NA,NA,0,"Carrier",52,52,1,1,1,NA,NA
"Weinstein 1947",705,"1947","none",NA,NA,NA,0,"Carrier",54,NA,2,2,1,NA,NA
"Weinstein 1947",705,"1947","none",NA,NA,NA,0,"Carrier",97,NA,2,2,1,NA,NA
"Weinstein 1947",705,"1947","none",NA,NA,NA,1,"Case",5,5,1,1,1,NA,NA
"Weinstein 1947",705,"1947","none",NA,NA,NA,1,"Case",18,18,2,2,1,NA,NA
"Weinstein 1947",705,"1947","none",NA,NA,NA,1,"Case",30,30,2,2,1,NA,NA
"Weinstein 1947",705,"1947","none",NA,NA,NA,1,"Case",10,10,1,1,1,NA,NA
"Weinstein 1947",705,"1947","none",NA,NA,NA,1,"Case",17,17,1,1,1,NA,NA
"Weinstein 1947",705,"1947","none",NA,NA,NA,1,"Case",20,20,1,1,1,NA,NA
"Weinstein 1947",705,"1947","none",NA,NA,NA,1,"Case",42,42,1,1,1,NA,NA
"Weinstein 1947",705,"1947","none",NA,NA,NA,1,"Case",46,46,1,1,1,NA,NA
"Weinstein 1947",705,"1947","none",NA,NA,NA,1,"Case",68,68,1,1,1,NA,NA
"Weinstein 1947",705,"1947","none",NA,NA,NA,1,"Case",70,70,1,1,1,NA,NA
"Karelitz 1947",535,"1944","none",NA,NA,NA,1,"Case",0,5,18,0,0,NA,NA
"Karelitz 1947",535,"1944","none",NA,NA,NA,1,"Case",5,10,18,1,0.056,NA,NA
"Karelitz 1947",535,"1944","none",NA,NA,NA,1,"Case",10,15,17,0,0,NA,NA
"Karelitz 1947",535,"1944","none",NA,NA,NA,1,"Case",15,20,17,2,0.118,NA,NA
"Karelitz 1947",535,"1944","none",NA,NA,NA,1,"Case",20,25,15,1,0.067,NA,NA
"Karelitz 1947",535,"1944","none",NA,NA,NA,1,"Case",25,30,14,2,0.143,NA,NA
"Karelitz 1947",535,"1944","none",NA,NA,NA,1,"Case",30,35,12,2,0.167,NA,NA
"Karelitz 1947",535,"1944","none",NA,NA,NA,1,"Case",35,40,10,1,0.1,NA,NA
"Karelitz 1947",535,"1944","none",NA,NA,NA,1,"Case",40,45,9,0,0,NA,NA
"Karelitz 1947",535,"1944","none",NA,NA,NA,1,"Case",45,50,9,1,0.111,NA,NA
"Karelitz 1947",535,"1944","none",NA,NA,NA,1,"Case",50,55,8,3,0.375,NA,NA
"Karelitz 1947",535,"1944","none",NA,NA,NA,1,"Case",55,60,5,1,0.2,NA,NA
"Karelitz 1947",535,"1944","none",NA,NA,NA,1,"Case",60,65,4,2,0.5,NA,NA
"Karelitz 1947",535,"1944","none",NA,NA,NA,1,"Case",65,NA,2,2,1,NA,NA
"Karelitz 1947",535,"1944","none",NA,NA,NA,1,"Case",0,5,24,0,0,NA,NA
"Karelitz 1947",535,"1944","none",NA,NA,NA,1,"Case",5,10,24,3,0.125,NA,NA
"Karelitz 1947",535,"1944","none",NA,NA,NA,1,"Case",10,15,21,2,0.095,NA,NA
"Karelitz 1947",535,"1944","none",NA,NA,NA,1,"Case",15,20,19,1,0.053,NA,NA
"Karelitz 1947",535,"1944","none",NA,NA,NA,1,"Case",20,25,18,4,0.222,NA,NA
"Karelitz 1947",535,"1944","none",NA,NA,NA,1,"Case",25,30,14,4,0.286,NA,NA
"Karelitz 1947",535,"1944","none",NA,NA,NA,1,"Case",30,35,10,2,0.2,NA,NA
"Karelitz 1947",535,"1944","none",NA,NA,NA,1,"Case",35,NA,8,8,1,NA,NA
"Hartley & Martin 1920",535,"1935","none",NA,NA,NA,1,"Case",0,5,457,65,0.142,NA,NA
"Hartley & Martin 1920",535,"1935","none",NA,NA,NA,1,"Case",5,10,392,90,0.23,NA,NA
"Hartley & Martin 1920",535,"1935","none",NA,NA,NA,1,"Case",10,15,302,70,0.232,NA,NA
"Hartley & Martin 1920",535,"1935","none",NA,NA,NA,1,"Case",15,20,232,38,0.164,NA,NA
"Hartley & Martin 1920",535,"1935","none",NA,NA,NA,1,"Case",20,25,194,38,0.196,NA,NA
"Hartley & Martin 1920",535,"1935","none",NA,NA,NA,1,"Case",25,30,156,38,0.244,NA,NA
"Hartley & Martin 1920",535,"1935","none",NA,NA,NA,1,"Case",30,35,118,26,0.22,NA,NA
"Hartley & Martin 1920",535,"1935","none",NA,NA,NA,1,"Case",35,40,92,22,0.239,NA,NA
"Hartley & Martin 1920",535,"1935","none",NA,NA,NA,1,"Case",40,45,70,18,0.257,NA,NA
"Hartley & Martin 1920",535,"1935","none",NA,NA,NA,1,"Case",45,50,52,11,0.212,NA,NA
"Hartley & Martin 1920",535,"1935","none",NA,NA,NA,1,"Case",50,55,41,10,0.244,NA,NA
"Hartley & Martin 1920",535,"1935","none",NA,NA,NA,1,"Case",55,60,31,7,0.226,NA,NA
"Hartley & Martin 1920",535,"1935","none",NA,NA,NA,1,"Case",60,65,24,5,0.208,NA,NA
"Hartley & Martin 1920",535,"1935","none",NA,NA,NA,1,"Case",65,70,19,4,0.211,NA,NA
"Hartley & Martin 1920",535,"1935","none",NA,NA,NA,1,"Case",70,75,15,4,0.267,NA,NA
"Hartley & Martin 1920",535,"1935","none",NA,NA,NA,1,"Case",75,80,11,0,0,NA,NA
"Hartley & Martin 1920",535,"1935","none",NA,NA,NA,1,"Case",80,85,11,3,0.273,NA,NA
"Hartley & Martin 1920",535,"1935","none",NA,NA,NA,1,"Case",85,90,8,2,0.25,NA,NA
"Hartley & Martin 1920",535,"1935","none",NA,NA,NA,1,"Case",90,95,6,1,0.167,NA,NA
"Hartley & Martin 1920",535,"1935","none",NA,NA,NA,1,"Case",95,100,5,3,0.6,NA,NA
"Hartley & Martin 1920",535,"1935","none",NA,NA,NA,1,"Case",100,NA,2,2,1,NA,NA
